image_width: 1280
image_height: 720
camera_name: head_camera
camera_matrix:
  rows: 3
  cols: 3
  data: [791.1871961164622, 0, 607.2790605039955, 0, 791.971996567776, 383.3458438299946, 0, 0, 1]
distortion_model: plumb_bob
distortion_coefficients:
  rows: 1
  cols: 5
  data: [0.1464203171663469, -0.1181813318364124, 0.0002051388350711801, 0.004132301144951801, 0]
rectification_matrix:
  rows: 3
  cols: 3
  data: [1, 0, 0, 0, 1, 0, 0, 0, 1]
projection_matrix:
  rows: 3
  cols: 4
  data: [826.9217529296875, 0, 612.7087968448395, 0, 0, 830.4287719726562, 382.8626795365562, 0, 0, 0, 1, 0]